latitude=13.263055
longitude=76.467150